epoch,step,loss,learning_rate
5,0,-0.09091036766767502,0.0004
5,1,-0.09090954810380936,0.0004
5,2,-0.0909096971154213,0.000384
5,3,-0.09090997278690338,0.000384
5,4,-0.0909096747636795,0.00036800000000000005
6,0,-0.09091047197580338,0.00035200000000000005
6,1,-0.0909099206328392,0.00035200000000000005
6,2,-0.09091030806303024,0.000336
6,3,-0.09090986847877502,0.000336
6,4,-0.09090981632471085,0.00032
7,0,-0.09091082215309143,0.000304
7,1,-0.09091000258922577,0.000304
7,2,-0.09090995788574219,0.000288
7,3,-0.09091049432754517,0.000288
7,4,-0.09090938419103622,0.00027200000000000005
8,0,-0.09091050922870636,0.00025600000000000004
8,1,-0.0909101739525795,0.00025600000000000004
8,2,-0.09091006219387054,0.00024
8,3,-0.09091010689735413,0.00024
8,4,-0.09090949594974518,0.00022400000000000002
9,0,-0.09091082215309143,0.00020800000000000001
9,1,-0.09091067314147949,0.00020800000000000001
9,2,-0.09091046452522278,0.000192
9,3,-0.09091069549322128,0.000192
9,4,-0.0909099355340004,0.00017600000000000002
